Weight(1)=0.784513610477560d0
weight(2)=0.235573213359357d0
weight(3)=-1.17767998417887d0
weight(4)=1.315186321d0
weight(5)=-1.17767998417887d0
weight(6)=0.235573213359357d0
weight(7)=0.784513610477560d0

