ms=22000.d0
ws=0.000372d0
s1=-2.13d0
s2=2.13d0
Mb=22000.d0
Wc=0.00227d0
coup=8.184d0

